% This file was created by matlab2tikz.
%
%The latest updates can be retrieved from
%  http://www.mathworks.com/matlabcentral/fileexchange/22022-matlab2tikz-matlab2tikz
%where you can also make suggestions and rate matlab2tikz.
%
\begin{tikzpicture}

\begin{axis}[%
width=2.974in,
height=2.974in,
at={(0.269in,0.598in)},
scale only axis,
point meta min=5.00362911710147,
point meta max=500,
colormap={mymap}{[1pt] rgb(0pt)=(0.267004,0.00487433,0.329415); rgb(1pt)=(0.272651,0.0258417,0.353367); rgb(2pt)=(0.277104,0.0509074,0.376236); rgb(3pt)=(0.280353,0.0741944,0.397901); rgb(4pt)=(0.282386,0.0959463,0.418251); rgb(5pt)=(0.283199,0.116886,0.437179); rgb(6pt)=(0.282803,0.137343,0.454596); rgb(7pt)=(0.281222,0.157473,0.470434); rgb(8pt)=(0.278506,0.177342,0.484654); rgb(9pt)=(0.274723,0.196964,0.49725); rgb(10pt)=(0.269967,0.216326,0.508255); rgb(11pt)=(0.264352,0.235401,0.517732); rgb(12pt)=(0.258008,0.254159,0.52578); rgb(13pt)=(0.2511,0.272558,0.532522); rgb(14pt)=(0.243734,0.290607,0.538097); rgb(15pt)=(0.236074,0.308281,0.542652); rgb(16pt)=(0.228264,0.325578,0.546335); rgb(17pt)=(0.220425,0.342511,0.549287); rgb(18pt)=(0.212667,0.359098,0.551635); rgb(19pt)=(0.205079,0.375363,0.553493); rgb(20pt)=(0.197722,0.39134,0.554953); rgb(21pt)=(0.190631,0.407061,0.556089); rgb(22pt)=(0.183819,0.422563,0.556952); rgb(23pt)=(0.177272,0.437884,0.557576); rgb(24pt)=(0.170958,0.453061,0.557974); rgb(25pt)=(0.164833,0.468127,0.558143); rgb(26pt)=(0.158845,0.483114,0.558059); rgb(27pt)=(0.152951,0.49805,0.557685); rgb(28pt)=(0.147132,0.512957,0.556973); rgb(29pt)=(0.141402,0.527852,0.555864); rgb(30pt)=(0.135833,0.542748,0.554289); rgb(31pt)=(0.130586,0.557652,0.552188); rgb(32pt)=(0.125901,0.572563,0.549457); rgb(33pt)=(0.122165,0.587476,0.546033); rgb(34pt)=(0.119874,0.602382,0.541839); rgb(35pt)=(0.119627,0.617266,0.536803); rgb(36pt)=(0.122046,0.632107,0.530853); rgb(37pt)=(0.127667,0.646882,0.523927); rgb(38pt)=(0.136833,0.661563,0.515968); rgb(39pt)=(0.149642,0.67612,0.506924); rgb(40pt)=(0.165966,0.690519,0.49675); rgb(41pt)=(0.185537,0.704725,0.485411); rgb(42pt)=(0.20803,0.718701,0.472873); rgb(43pt)=(0.233126,0.732406,0.459103); rgb(44pt)=(0.260529,0.745802,0.444088); rgb(45pt)=(0.289997,0.758846,0.427811); rgb(46pt)=(0.321326,0.771498,0.41027); rgb(47pt)=(0.35435,0.783714,0.391454); rgb(48pt)=(0.388883,0.795453,0.371425); rgb(49pt)=(0.424885,0.806674,0.350104); rgb(50pt)=(0.462199,0.817338,0.32755); rgb(51pt)=(0.500708,0.827409,0.303804); rgb(52pt)=(0.540293,0.836858,0.278921); rgb(53pt)=(0.58082,0.845663,0.253005); rgb(54pt)=(0.622133,0.853816,0.226228); rgb(55pt)=(0.664054,0.861321,0.198883); rgb(56pt)=(0.706376,0.868206,0.171498); rgb(57pt)=(0.748863,0.874522,0.14504); rgb(58pt)=(0.791257,0.880346,0.121293); rgb(59pt)=(0.833293,0.88578,0.103327); rgb(60pt)=(0.874715,0.890945,0.0953509); rgb(61pt)=(0.915296,0.89598,0.100469); rgb(62pt)=(0.95484,0.901008,0.117874); rgb(63pt)=(0.993248,0.906157,0.143936)},
xmin=0,
xmax=93,
xlabel style={font=\color{white!15!black}},
%xlabel={nz = 4995/8649},
y dir=reverse,
ymin=0,
ymax=93,
axis background/.style={fill=white},
colorbar
]
\addplot[scatter, only marks, mark=*, mark size=1.1785pt, scatter src=explicit, scatter/use mapped color={mark options={}, draw=mapped color}] table[row sep=crcr, meta=color]{%
x	y	color\\
1	1	7.95916149347387\\
1	3	15.8069796458101\\
1	4	8.79611506500319\\
1	6	32.7131595641466\\
1	7	16.5733375302522\\
1	9	7.53054181146551\\
1	10	8.7005724264711\\
1	13	37.1182618435715\\
1	14	6.75678358088837\\
1	16	48.0604936266877\\
1	22	97.857935890389\\
1	25	6.23807449967937\\
1	26	28.1776116203792\\
1	27	35.7996277503146\\
1	30	8.7948849577326\\
1	31	32.5641160199518\\
1	35	12.2666948556872\\
1	38	93.2710389094858\\
1	39	5.36702264201315\\
1	40	18.3721738134244\\
1	42	54.3977546901372\\
1	44	15.1941342613601\\
1	47	6.82470636660857\\
1	49	15.8676958527902\\
1	52	16.1876118106243\\
1	54	15.9602880762023\\
1	55	28.2648336202262\\
1	57	13.7120811420973\\
1	58	68.7464325707356\\
1	63	8.62266461469151\\
1	64	262.558585331534\\
1	66	7.27721198898313\\
1	67	15.1239644185284\\
1	69	6.70890879618505\\
1	70	17.5139471417994\\
1	72	84.0387551121388\\
1	77	68.2300989164765\\
1	78	6.76821497625063\\
1	80	10.2510766983676\\
1	82	7.40244815171805\\
1	83	25.1892928170677\\
1	84	21.4695814580165\\
1	89	13.4967157352567\\
1	92	15.0189656937264\\
1	93	7.04147835603393\\
2	2	8.51783588775386\\
2	3	20.4735338656381\\
2	5	8.16118728698878\\
2	6	22.7746645482255\\
2	7	17.592516360313\\
2	10	40.0162480074326\\
2	11	8.79632445171107\\
2	13	26.1244337883767\\
2	15	5.2594522465468\\
2	16	14.751142966276\\
2	18	10.0717128671898\\
2	19	5.97020972648769\\
2	20	11.6661784553345\\
2	22	82.8212985475125\\
2	23	100.428187265643\\
2	24	13.595763714275\\
2	25	8.00997389702964\\
2	27	6.67912593035941\\
2	30	11.9119493379702\\
2	31	6.50178220329061\\
2	34	19.2743497332627\\
2	37	9.01200337399755\\
2	38	14.3817302066546\\
2	39	7.85160833714797\\
2	44	6.05585684630382\\
2	45	500\\
2	46	10.9139891119637\\
2	52	20.3820295467007\\
2	55	29.779048227648\\
2	60	14.477287564732\\
2	64	9.0837501159953\\
2	65	19.9925171798866\\
2	68	6.48340837259989\\
2	73	249.65632523827\\
2	74	14.3642186788506\\
2	75	11.8671646257352\\
2	77	8.72148492167949\\
2	78	8.28041701491862\\
2	79	51.322186598901\\
2	80	5.47198483792581\\
2	83	9.75260386331007\\
2	85	7.13532448324726\\
2	92	9.63974908511632\\
2	93	64.3558951580773\\
3	1	15.8069796458101\\
3	2	20.4735338656381\\
3	3	8.21958637947421\\
3	5	25.900923381485\\
3	8	47.2046784088146\\
3	10	29.1254037814771\\
3	11	6.15285515556984\\
3	12	17.2608408385329\\
3	15	14.3470038374299\\
3	17	8.03345654716244\\
3	21	32.4732136130144\\
3	22	59.9012035338944\\
3	24	7.20691225416737\\
3	25	8.48352944741106\\
3	26	5.3959386426437\\
3	29	9.79585786937864\\
3	30	64.4355914014567\\
3	31	7.17042577512874\\
3	33	7.51093429663002\\
3	35	5.39838785538177\\
3	36	5.87146248324493\\
3	37	11.0536627234512\\
3	40	11.7178859190202\\
3	43	70.5305619484564\\
3	46	7.83349704912426\\
3	47	31.4533040675149\\
3	50	9.49570758192521\\
3	51	16.4520189364259\\
3	54	15.4874483506679\\
3	56	500\\
3	57	58.3162031463127\\
3	58	173.835807367697\\
3	60	8.80957013504713\\
3	61	11.4017314905474\\
3	62	21.0502880145378\\
3	63	34.7960724269826\\
3	65	6.89158194814486\\
3	66	8.39195015162765\\
3	67	10.3076512371157\\
3	69	9.25136279164437\\
3	70	19.5627308748976\\
3	71	9.51897034290519\\
3	72	14.7769023249213\\
3	74	7.98487652585112\\
3	75	5.31281530027101\\
3	76	10.7987943743183\\
3	80	6.6553281379019\\
3	81	26.0990277569218\\
3	82	9.96816410967075\\
3	84	17.6299163824941\\
3	85	34.4546900918466\\
3	86	5.49050551966916\\
3	89	29.2827725275896\\
3	92	7.14882473012956\\
3	93	8.55924848760463\\
4	1	8.79611506500319\\
4	4	8.76976737788883\\
4	5	21.8448722700595\\
4	8	24.8616939766811\\
4	9	114.003189865476\\
4	10	26.6952612359129\\
4	11	177.296202896109\\
4	12	7.51883693114747\\
4	14	5.44000256182128\\
4	15	69.9620892655057\\
4	16	37.6586426898737\\
4	17	29.2597573648201\\
4	18	10.071790063675\\
4	19	48.3073705482005\\
4	21	21.2103059799968\\
4	23	17.344240819633\\
4	25	13.8641533984342\\
4	26	17.1917061545342\\
4	27	10.4495617867517\\
4	29	21.3445115257015\\
4	30	17.8836341458391\\
4	31	123.562223376885\\
4	34	5.24185647003016\\
4	36	7.91769296252315\\
4	37	7.11050001796732\\
4	39	7.95247507670015\\
4	41	5.9414344253245\\
4	45	11.5300956173507\\
4	46	9.17911471766036\\
4	48	12.0436393292983\\
4	49	500\\
4	52	71.5271375389366\\
4	53	12.3002854626207\\
4	54	67.7132082795674\\
4	55	7.16788883623444\\
4	56	15.1398251521591\\
4	58	6.85545058096389\\
4	60	11.485228421554\\
4	62	9.7942203163031\\
4	64	14.0699202888011\\
4	65	19.2613829613823\\
4	66	12.1124777729328\\
4	68	25.4555717667199\\
4	69	8.55744474800652\\
4	72	10.1356281577003\\
4	74	53.111400808868\\
4	75	30.1341981124484\\
4	76	5.95216594471952\\
4	77	24.2007964957832\\
4	80	14.9274526635477\\
4	81	9.06068464863866\\
4	85	14.5717064893766\\
4	86	8.55769123180927\\
4	87	22.6820356725664\\
4	89	7.20426827194553\\
4	90	5.42966061287309\\
4	92	13.6418706379086\\
5	2	8.16118728698878\\
5	3	25.900923381485\\
5	4	21.8448722700595\\
5	5	10.7500301561283\\
5	6	34.609514228317\\
5	7	181.852329652608\\
5	9	115.753907180279\\
5	10	6.87808810759253\\
5	12	17.2266913202562\\
5	13	88.3770348112782\\
5	14	104.360483077593\\
5	16	174.544910034232\\
5	17	38.1783748037982\\
5	19	36.6488866778066\\
5	20	24.3046134052226\\
5	22	13.1386128509447\\
5	24	6.19881039089178\\
5	26	20.500671681846\\
5	27	5.47374626504374\\
5	29	9.78895033546659\\
5	31	7.22811783044219\\
5	34	8.2025725806813\\
5	37	85.0798907695587\\
5	38	22.0050711121418\\
5	39	6.00631673857812\\
5	40	36.2967361294953\\
5	41	7.72367505968197\\
5	42	261.515839508132\\
5	43	8.92075613074514\\
5	44	9.46448641034961\\
5	46	7.4523673650099\\
5	48	8.93304998652479\\
5	49	6.18542380589775\\
5	50	9.28270307183617\\
5	51	6.82757117658813\\
5	52	18.9373241538414\\
5	54	11.736142452636\\
5	55	5.87766927832624\\
5	56	10.8884650237908\\
5	58	18.9229357225687\\
5	61	5.50574689012372\\
5	62	22.3982897980125\\
5	64	16.9508310778205\\
5	66	14.5686916253644\\
5	70	9.8455808629946\\
5	72	10.0571836214612\\
5	74	5.07711397334489\\
5	75	52.4737137501386\\
5	77	7.08266767104241\\
5	78	10.5242265457343\\
5	79	7.8840629571345\\
5	82	34.4432550501845\\
5	83	7.68825680165551\\
5	86	9.15537623339665\\
5	87	50.2209996866816\\
5	88	6.27603119076842\\
5	91	26.571386004075\\
6	1	32.7131595641466\\
6	2	22.7746645482255\\
6	5	34.609514228317\\
6	6	8.30668002942269\\
6	11	5.32325082018248\\
6	12	7.37281814239378\\
6	13	13.8605613421598\\
6	14	17.5358045572134\\
6	17	28.6330052831118\\
6	18	24.7610625220303\\
6	19	112.188186339962\\
6	21	32.3700906784674\\
6	22	5.80759062977122\\
6	24	5.4888867552175\\
6	26	170.361797182049\\
6	28	21.3810666229692\\
6	29	5.10193422262316\\
6	31	120.332071641599\\
6	35	10.4367473028184\\
6	36	50.6252511816497\\
6	39	23.4445141761501\\
6	40	11.1073443811235\\
6	42	5.34846383937716\\
6	44	500\\
6	46	8.71153724047753\\
6	47	5.64468275144813\\
6	48	170.817041750823\\
6	50	244.640469232747\\
6	51	94.7848503344498\\
6	52	5.64150543495097\\
6	54	38.7182617591257\\
6	55	6.89709570661146\\
6	56	5.90314516168607\\
6	57	13.113163258329\\
6	59	14.2270880283162\\
6	60	123.273637694637\\
6	61	5.99243248743765\\
6	62	16.082103101686\\
6	63	7.98800477069433\\
6	64	14.7074045677556\\
6	65	10.0851214414795\\
6	66	15.1335747554524\\
6	67	305.745059170777\\
6	68	9.45403642886488\\
6	70	7.28851993614476\\
6	71	17.0814195226901\\
6	75	8.94620814309098\\
6	76	15.5590033246989\\
6	78	8.84851050700082\\
6	79	31.4585087564462\\
6	80	101.813222312221\\
6	81	5.76697196380199\\
6	82	31.301972028259\\
6	83	8.03191983763775\\
6	84	11.1744513956682\\
6	85	37.2662040678555\\
6	86	11.0281527864106\\
6	87	25.3460027173068\\
6	89	6.52075120588498\\
6	90	42.3478908246282\\
7	1	16.5733375302522\\
7	2	17.592516360313\\
7	5	181.852329652608\\
7	7	5.97198851178476\\
7	8	5.94858258060537\\
7	9	6.0573107660539\\
7	13	7.96833574089011\\
7	14	10.5825489001427\\
7	15	228.053166119318\\
7	16	15.2413186050721\\
7	17	23.388271460815\\
7	18	22.3049470967763\\
7	19	7.90360511717239\\
7	21	231.749266250297\\
7	22	9.96000367903262\\
7	23	5.41114697818464\\
7	27	41.9432768667887\\
7	28	19.7826891615738\\
7	29	8.15403746050413\\
7	36	239.823784703999\\
7	38	9.16460498299942\\
7	40	5.4265898574299\\
7	41	6.59144276838911\\
7	42	36.0130830911861\\
7	43	13.8242488106404\\
7	45	9.39307954071214\\
7	46	9.63936695312674\\
7	49	6.20052899603777\\
7	51	19.0542322882301\\
7	52	5.62038107611334\\
7	53	5.81612583466785\\
7	54	21.2001299824082\\
7	56	16.8757086551104\\
7	61	74.0599295871167\\
7	63	19.6468844867846\\
7	64	8.16855532112397\\
7	66	29.1381681617578\\
7	70	9.37659308941891\\
7	72	157.541633776972\\
7	75	56.7218648302365\\
7	76	9.79388173730902\\
7	77	12.8049796877812\\
7	82	9.99941309436881\\
7	84	177.72648123267\\
7	86	21.1748516177305\\
7	88	32.1098757035602\\
7	89	7.45469994046949\\
7	92	14.0759280304394\\
8	3	47.2046784088146\\
8	4	24.8616939766811\\
8	7	5.94858258060537\\
8	8	9.3803435823743\\
8	9	11.1245179815107\\
8	10	7.02135457467673\\
8	13	310.659854378785\\
8	16	32.8557550007009\\
8	19	19.3445014249624\\
8	21	23.7115793467158\\
8	22	23.2158437459681\\
8	28	7.42966300083543\\
8	31	23.5342529820195\\
8	32	16.481101964753\\
8	33	6.07035104035169\\
8	35	32.7021010537372\\
8	37	18.6456304287657\\
8	38	30.5245465992483\\
8	40	14.6694864882522\\
8	42	35.5430297964678\\
8	44	78.7086016371825\\
8	46	5.72017197227307\\
8	47	5.68582004412961\\
8	48	24.3294690191523\\
8	56	8.2992852254111\\
8	60	9.37950434407406\\
8	61	21.9215998120031\\
8	62	31.4760831773471\\
8	64	80.0909227092051\\
8	67	5.45986545438939\\
8	68	29.547026825922\\
8	69	53.3962761745633\\
8	71	500\\
8	74	26.5513291034835\\
8	76	13.7176549773691\\
8	78	8.5369555730142\\
8	79	5.50214513492992\\
8	82	14.4527639368627\\
8	85	6.50197633936467\\
8	90	18.3400399733546\\
8	92	33.8558323569116\\
8	93	24.8266548005754\\
9	1	7.53054181146551\\
9	4	114.003189865476\\
9	5	115.753907180279\\
9	7	6.0573107660539\\
9	8	11.1245179815107\\
9	9	7.38980090853669\\
9	10	48.6633795373823\\
9	11	100.252207998624\\
9	12	13.7991523481494\\
9	13	6.28210804459814\\
9	15	22.9213902366817\\
9	21	36.5571353905415\\
9	22	26.5786849096927\\
9	23	10.2987648522165\\
9	24	35.7143045156401\\
9	25	36.2826347122068\\
9	26	32.7486869426372\\
9	28	6.73463411006786\\
9	30	9.41044923989361\\
9	35	500\\
9	36	34.0948176494379\\
9	37	20.2036652117504\\
9	40	14.162787510423\\
9	44	5.14157784256527\\
9	49	31.2151748517122\\
9	50	39.8424306714298\\
9	51	8.18103657274298\\
9	52	5.42474987573905\\
9	56	324.49346348419\\
9	57	6.74094908610186\\
9	61	8.94905670627807\\
9	63	10.3632605791116\\
9	65	8.63369198424663\\
9	66	25.8082289325799\\
9	67	95.9535178945602\\
9	68	9.26060389712572\\
9	69	7.29219555774073\\
9	70	106.909787565998\\
9	72	5.86806239558824\\
9	74	6.6133325195263\\
9	75	6.07670155837513\\
9	76	27.0760935548617\\
9	78	11.8939949339764\\
9	80	10.6032197224382\\
9	81	14.5216733997452\\
9	82	14.7303366401586\\
9	84	32.7934221645315\\
9	85	5.16283890632032\\
9	88	6.08748734092465\\
9	89	66.531467808828\\
9	92	16.5590759541281\\
9	93	14.9511002356331\\
10	1	8.7005724264711\\
10	2	40.0162480074326\\
10	3	29.1254037814771\\
10	4	26.6952612359129\\
10	5	6.87808810759253\\
10	8	7.02135457467673\\
10	9	48.6633795373823\\
10	10	9.59852364815786\\
10	11	14.7687466341685\\
10	13	6.5253310338111\\
10	14	23.6873917598551\\
10	16	17.1207754358923\\
10	17	11.1554763578589\\
10	18	8.7094115805642\\
10	20	11.0732655314409\\
10	21	12.2244234929476\\
10	23	8.13218086483776\\
10	26	449.621875227983\\
10	28	11.8960322875769\\
10	31	12.0595391090605\\
10	32	11.2938754862159\\
10	35	7.94063320750726\\
10	36	258.631363020868\\
10	38	16.197352792185\\
10	40	500\\
10	41	12.7126636049062\\
10	43	25.5583167316252\\
10	44	8.08160137987284\\
10	45	9.74554974118582\\
10	47	19.1805755090086\\
10	48	9.28922134407343\\
10	49	500\\
10	50	5.67948476456432\\
10	51	5.71001548663074\\
10	53	21.8137325010631\\
10	55	10.8797607398601\\
10	58	35.412326919795\\
10	60	39.3864128740441\\
10	61	11.585080221566\\
10	62	5.85768861965527\\
10	64	15.7347769138834\\
10	65	30.6379523873142\\
10	66	10.0638645140465\\
10	68	11.1785483797475\\
10	69	5.12346729493436\\
10	70	6.08981346181945\\
10	71	12.7475136049743\\
10	72	5.08817048863114\\
10	73	6.90427654569009\\
10	75	11.1475705562234\\
10	77	6.15544577685326\\
10	78	7.50761538359206\\
10	79	5.72017470054089\\
10	81	6.95997690889519\\
10	83	24.7564135207032\\
10	87	5.5789644255692\\
10	88	5.43455706747135\\
10	90	12.7303998832888\\
10	91	95.3051463121614\\
10	92	20.1075794380614\\
11	2	8.79632445171107\\
11	3	6.15285515556984\\
11	4	177.296202896109\\
11	6	5.32325082018248\\
11	9	100.252207998624\\
11	10	14.7687466341685\\
11	11	7.98546387843967\\
11	13	289.686304262913\\
11	14	12.9056085184228\\
11	15	54.3633636241374\\
11	16	11.5707831614992\\
11	17	12.2546968682302\\
11	19	500\\
11	22	5.02822224296004\\
11	23	35.0142862419202\\
11	24	8.35484032743319\\
11	25	11.4425588657919\\
11	26	7.86730329902621\\
11	31	8.85812645974086\\
11	34	7.76400766722233\\
11	35	79.4727865598094\\
11	37	11.0563265119395\\
11	38	11.2021209244838\\
11	39	22.0972165724963\\
11	43	52.9278179529688\\
11	51	57.5538978067392\\
11	52	11.6940060057289\\
11	55	5.73001963398086\\
11	57	19.6726001227378\\
11	58	12.5828521831675\\
11	60	7.48878800668115\\
11	63	6.29136615972086\\
11	66	22.14059441377\\
11	68	31.3531847820284\\
11	69	10.5217616296724\\
11	72	8.18806876630003\\
11	74	14.5265904285603\\
11	75	6.26330615150213\\
11	76	6.33758058066947\\
11	77	8.36774261571793\\
11	78	7.13810501936486\\
11	80	5.90163960807048\\
11	82	47.9237769553421\\
11	84	5.60316368952138\\
11	85	7.89564757066614\\
11	86	10.061598293691\\
11	88	418.651966383999\\
11	90	6.98391698704529\\
11	91	6.64614271495441\\
11	92	21.2142190017779\\
11	93	8.74997889762992\\
12	3	17.2608408385329\\
12	4	7.51883693114747\\
12	5	17.2266913202562\\
12	6	7.37281814239378\\
12	9	13.7991523481494\\
12	12	7.5202536242883\\
12	13	12.6999803077311\\
12	14	25.6231285120492\\
12	16	7.09850120492182\\
12	20	180.563333033013\\
12	21	7.51311258447162\\
12	23	268.463315600724\\
12	24	7.01433279810374\\
12	25	40.0310038262807\\
12	26	9.77402381355821\\
12	27	10.8769537271737\\
12	28	34.8282783700136\\
12	29	9.66592075729121\\
12	30	39.3978216798844\\
12	31	8.34634443588829\\
12	32	53.2043007613878\\
12	33	18.7467391648482\\
12	36	10.947291191345\\
12	38	8.16553924815241\\
12	41	5.98546677286782\\
12	43	5.23386534186441\\
12	48	6.83566847909932\\
12	49	27.6470130769159\\
12	50	8.10851277749731\\
12	51	5.46547349465345\\
12	53	5.55766427898803\\
12	54	6.24401200315331\\
12	56	6.19496469995984\\
12	59	36.5972835380636\\
12	60	10.3686373203111\\
12	61	13.6340655641168\\
12	65	21.5118650749219\\
12	69	10.6368790603024\\
12	74	5.09059468682026\\
12	75	7.18242958534592\\
12	76	24.8576940422011\\
12	77	8.89197930362604\\
12	79	12.6554212616363\\
12	80	6.50416183848201\\
12	82	10.8400588594239\\
12	84	5.55676179187479\\
12	88	8.10101626602328\\
12	89	7.54338444608744\\
12	90	288.439756095468\\
13	1	37.1182618435715\\
13	2	26.1244337883767\\
13	5	88.3770348112782\\
13	6	13.8605613421598\\
13	7	7.96833574089011\\
13	8	310.659854378785\\
13	9	6.28210804459814\\
13	10	6.5253310338111\\
13	11	289.686304262913\\
13	12	12.6999803077311\\
13	13	8.69740486663971\\
13	14	22.0666345593837\\
13	15	31.9372108114322\\
13	17	9.07906200267668\\
13	18	13.855247224769\\
13	19	5.68596716218523\\
13	20	11.7364376273837\\
13	21	8.72594838934212\\
13	22	6.85125591176434\\
13	23	9.84104205166118\\
13	24	31.3598676972806\\
13	26	21.2902212826151\\
13	27	16.2009823839395\\
13	30	16.9822424578988\\
13	31	165.524011440474\\
13	33	7.03847441769008\\
13	34	87.8560527632322\\
13	35	500\\
13	36	111.82937149955\\
13	37	12.5449579237936\\
13	40	14.1082285586758\\
13	43	6.71306578155737\\
13	46	71.2061400166062\\
13	49	5.18114547887511\\
13	50	452.258592804779\\
13	53	218.204222457205\\
13	54	17.563419875501\\
13	58	6.6060405733705\\
13	59	109.921161788248\\
13	60	12.1353626982006\\
13	65	5.32586218948\\
13	66	16.2498237708951\\
13	72	5.11663912011891\\
13	74	221.982846750262\\
13	75	344.560589426801\\
13	76	20.9887465662947\\
13	85	60.0044985550729\\
13	86	14.0588031205987\\
13	88	25.7697594079349\\
13	89	5.52411894131113\\
13	90	56.9235169148881\\
13	92	5.81213772236152\\
14	1	6.75678358088837\\
14	4	5.44000256182128\\
14	5	104.360483077593\\
14	6	17.5358045572134\\
14	7	10.5825489001427\\
14	10	23.6873917598551\\
14	11	12.9056085184228\\
14	12	25.6231285120492\\
14	13	22.0666345593837\\
14	14	8.33339192304001\\
14	15	23.2308485742177\\
14	16	12.1731538356746\\
14	17	16.1853300174159\\
14	18	32.8668429887627\\
14	21	5.26960591711073\\
14	22	6.81917277631191\\
14	23	5.08578184060168\\
14	24	8.76540389916523\\
14	25	5.13900071592215\\
14	26	8.92331372182823\\
14	27	93.029378441592\\
14	29	81.9058032109619\\
14	30	26.3823398335699\\
14	34	15.5332830692029\\
14	35	5.34181522687155\\
14	36	45.1795812074605\\
14	37	14.3042653420928\\
14	38	21.449390149797\\
14	48	7.03251833698849\\
14	51	6.45973017419541\\
14	54	19.4051512916338\\
14	55	11.2207328903374\\
14	56	432.746204950667\\
14	58	18.4747166384596\\
14	59	54.2992295527694\\
14	60	9.0334383624507\\
14	61	6.37180051975365\\
14	62	5.12356573623438\\
14	64	7.57058767853714\\
14	65	5.2304658304982\\
14	66	17.3718468836354\\
14	68	20.985891148842\\
14	69	12.9881807214084\\
14	70	22.0995954427483\\
14	72	5.54890466145365\\
14	74	6.29503584443252\\
14	75	17.3708443574885\\
14	76	28.880978810011\\
14	77	119.821989140927\\
14	80	37.9483311920649\\
14	82	56.7141555339881\\
14	83	52.3340652542698\\
14	88	6.7356244127074\\
14	91	40.8386178124709\\
14	92	18.1432371316858\\
15	2	5.2594522465468\\
15	3	14.3470038374299\\
15	4	69.9620892655057\\
15	7	228.053166119318\\
15	9	22.9213902366817\\
15	11	54.3633636241374\\
15	13	31.9372108114322\\
15	14	23.2308485742177\\
15	15	9.51143292652637\\
15	17	18.8438559141404\\
15	18	28.9620371541352\\
15	19	31.2698598392921\\
15	21	5.88261461144442\\
15	22	91.3502438591473\\
15	27	10.1898855018101\\
15	28	22.9349254734675\\
15	33	7.24563248660937\\
15	34	5.74247904345219\\
15	36	10.3133454859485\\
15	37	19.9061040977907\\
15	38	30.3101042640047\\
15	40	6.62371992460909\\
15	41	30.3490126126162\\
15	43	20.7359752559691\\
15	44	30.8769954746669\\
15	47	9.82416778309044\\
15	48	7.78005186119201\\
15	52	500\\
15	53	6.16871556111347\\
15	54	15.6553264687057\\
15	55	20.7107728723197\\
15	59	9.07032419345365\\
15	62	21.7779236418586\\
15	63	20.9876972941905\\
15	64	11.3689357316012\\
15	65	68.8108702837353\\
15	68	26.8056551458456\\
15	70	375.700137098013\\
15	71	43.0837314424208\\
15	72	7.58862506260711\\
15	74	23.6973039503963\\
15	78	44.9756606739855\\
15	79	11.7869994480889\\
15	86	7.75366552226406\\
15	87	5.44227367270653\\
15	89	27.6276192220719\\
15	90	108.19595409163\\
16	1	48.0604936266877\\
16	2	14.751142966276\\
16	4	37.6586426898737\\
16	5	174.544910034232\\
16	7	15.2413186050721\\
16	8	32.8557550007009\\
16	10	17.1207754358923\\
16	11	11.5707831614992\\
16	12	7.09850120492182\\
16	14	12.1731538356746\\
16	16	7.87269896930616\\
16	18	25.5201779076424\\
16	20	6.72215765700343\\
16	21	13.8404546491294\\
16	22	8.04815179446167\\
16	23	9.69763632538509\\
16	24	5.33115560561709\\
16	26	201.657492365351\\
16	27	45.9019755741419\\
16	30	5.18175100969758\\
16	31	23.8598688171653\\
16	32	7.54884161580483\\
16	34	111.843698763866\\
16	36	173.789220551375\\
16	39	5.45440448259629\\
16	43	6.23987915934564\\
16	44	9.00232417202105\\
16	45	11.9711693924691\\
16	46	18.9707056917987\\
16	52	24.062962588968\\
16	53	50.873072926785\\
16	55	8.0739315946173\\
16	56	18.2157646245024\\
16	59	16.1582349481916\\
16	60	9.59498179350127\\
16	61	65.6481463041821\\
16	62	12.8202263172979\\
16	65	8.78677352088534\\
16	66	14.2209258126679\\
16	67	73.4814185042263\\
16	69	28.2342852864231\\
16	71	500\\
16	74	8.5720379053912\\
16	75	6.94565602494521\\
16	76	6.70144820605588\\
16	77	16.2824435322498\\
16	78	6.62890742849011\\
16	79	6.94303021009853\\
16	82	500\\
16	85	500\\
16	86	10.2458911349195\\
16	87	7.77167723892564\\
16	88	60.2009811144629\\
16	90	12.6414313235771\\
16	91	22.8994218651288\\
16	92	21.0495685187429\\
16	93	46.1995356107144\\
17	3	8.03345654716244\\
17	4	29.2597573648201\\
17	5	38.1783748037982\\
17	6	28.6330052831118\\
17	7	23.388271460815\\
17	10	11.1554763578589\\
17	11	12.2546968682302\\
17	13	9.07906200267668\\
17	14	16.1853300174159\\
17	15	18.8438559141404\\
17	17	8.59081463009433\\
17	19	7.74559839415744\\
17	20	67.1601735997797\\
17	22	57.7201123704605\\
17	27	12.2970348100381\\
17	31	290.58279765789\\
17	32	29.6394485984325\\
17	34	8.20225796328181\\
17	35	34.615856724796\\
17	36	56.6049141024956\\
17	40	5.78687289284552\\
17	41	9.47274444764062\\
17	42	58.2581716917106\\
17	43	6.57775595412622\\
17	46	6.63395453500132\\
17	47	10.6837620960298\\
17	51	35.4419855206287\\
17	52	5.07610005431693\\
17	53	6.68676273671053\\
17	54	6.60110590444872\\
17	57	5.33503245219899\\
17	58	10.5357364994301\\
17	60	14.2248726586599\\
17	61	173.850809689557\\
17	63	54.7374990340549\\
17	64	132.874169341276\\
17	65	16.3614015475792\\
17	70	88.5043541762828\\
17	72	12.7834107068857\\
17	73	7.87086682700887\\
17	74	5.21144607729034\\
17	75	35.1648795072536\\
17	76	50.5323187560869\\
17	77	9.01830150289295\\
17	79	5.13583128600083\\
17	80	7.29945680778585\\
17	83	6.68907877357785\\
17	89	12.8997828169096\\
17	90	81.6506064763776\\
18	2	10.0717128671898\\
18	4	10.071790063675\\
18	6	24.7610625220303\\
18	7	22.3049470967763\\
18	10	8.7094115805642\\
18	13	13.855247224769\\
18	14	32.8668429887627\\
18	15	28.9620371541352\\
18	16	25.5201779076424\\
18	18	8.8437773737019\\
18	20	25.6902928121147\\
18	22	26.0124061918482\\
18	23	9.01786641360296\\
18	25	5.0449314101396\\
18	26	15.0082340938745\\
18	27	78.7236586572642\\
18	29	16.3519871734916\\
18	32	28.5961185863428\\
18	33	5.09176091762733\\
18	37	30.1749083687484\\
18	38	13.4407700040806\\
18	41	25.000997589582\\
18	42	19.2425793045894\\
18	44	7.38349657818401\\
18	46	12.2752069191063\\
18	47	17.0787181014343\\
18	48	32.8161532118797\\
18	50	10.5726675886783\\
18	51	16.6296891734166\\
18	52	9.5359450926173\\
18	54	8.19444465683214\\
18	55	8.38363476348077\\
18	58	26.8296042084522\\
18	63	29.1517051426455\\
18	64	9.07548819040546\\
18	65	10.4039540465041\\
18	66	50.3617828556054\\
18	68	15.9072546152266\\
18	72	6.33066928910748\\
18	73	5.4734680554446\\
18	74	9.25960846406728\\
18	75	12.8833651435016\\
18	76	7.26269801733353\\
18	77	13.3463311237659\\
18	78	12.7316002165406\\
18	80	12.5499740253751\\
18	81	12.2774024960112\\
18	82	12.4519560417611\\
18	83	68.6995760892981\\
18	84	6.08051726609504\\
18	85	11.4123570122412\\
18	86	7.20415373104225\\
18	87	148.726721646386\\
18	89	5.85938277531825\\
18	90	184.985903101284\\
18	92	211.82380079415\\
19	2	5.97020972648769\\
19	4	48.3073705482005\\
19	5	36.6488866778066\\
19	6	112.188186339962\\
19	7	7.90360511717239\\
19	8	19.3445014249624\\
19	11	500\\
19	13	5.68596716218523\\
19	15	31.2698598392921\\
19	17	7.74559839415744\\
19	19	7.42136023902909\\
19	20	262.910995800283\\
19	21	6.22919348430637\\
19	22	16.3225906785855\\
19	23	10.4625885136996\\
19	24	5.94468028865025\\
19	25	32.2193689086728\\
19	26	13.4149001936765\\
19	27	7.90818772761099\\
19	28	23.5969979064739\\
19	29	6.74182839147673\\
19	30	5.45327742351253\\
19	32	141.149687250385\\
19	33	7.01447814944188\\
19	34	14.0695666342598\\
19	36	8.86070137280626\\
19	38	16.3103302096971\\
19	39	6.06149337139436\\
19	40	122.478496489694\\
19	41	16.9030658040168\\
19	46	9.79974417992726\\
19	47	5.84705265230705\\
19	49	10.7232637898832\\
19	50	14.019354122977\\
19	51	7.29333569649816\\
19	53	5.31981662984376\\
19	54	6.17377938224368\\
19	55	11.9296379321559\\
19	56	10.8297575913137\\
19	58	13.6345791848365\\
19	59	5.0153239371322\\
19	62	10.524078617321\\
19	63	5.13864361624687\\
19	65	15.3903406837327\\
19	66	9.6518666131152\\
19	67	76.6661186682326\\
19	68	27.7370125949195\\
19	69	8.33684847952818\\
19	70	14.4733207816488\\
19	71	7.63743732528808\\
19	73	204.22301834034\\
19	74	28.0747468673373\\
19	75	8.34878527469563\\
19	76	6.71181997488969\\
19	78	8.82199814327749\\
19	85	22.2406288130957\\
19	86	15.544877610998\\
19	89	80.4245235071286\\
19	90	13.03592355481\\
19	92	8.92955602574329\\
19	93	12.9457449705411\\
20	2	11.6661784553345\\
20	5	24.3046134052226\\
20	10	11.0732655314409\\
20	12	180.563333033013\\
20	13	11.7364376273837\\
20	16	6.72215765700343\\
20	17	67.1601735997797\\
20	18	25.6902928121147\\
20	19	262.910995800283\\
20	20	7.91618750643747\\
20	21	10.4504693887257\\
20	22	18.5720312423437\\
20	26	24.7278144812129\\
20	27	11.6882973944559\\
20	28	11.5054499475118\\
20	29	41.1567465389558\\
20	32	5.23817708002255\\
20	33	104.076301983488\\
20	34	11.4845273323283\\
20	35	6.01961277848739\\
20	37	5.23426104605223\\
20	39	34.4538699571175\\
20	40	22.4892697226882\\
20	42	5.86712603509206\\
20	45	6.6534341428998\\
20	48	15.9680989150225\\
20	49	11.1361513168461\\
20	50	5.31185492863624\\
20	51	45.854082679773\\
20	52	15.4738592479642\\
20	54	20.8156963188327\\
20	56	9.56257379531447\\
20	57	27.9693666498051\\
20	59	23.7373976668091\\
20	60	5.85190845200408\\
20	61	32.0073924437977\\
20	63	17.3981164936305\\
20	66	9.85113213739211\\
20	69	7.18933582203145\\
20	73	13.4020951313298\\
20	75	39.4862566009686\\
20	76	9.77021160543388\\
20	77	12.2123783040876\\
20	79	13.8942037244698\\
20	80	5.54902466094468\\
20	84	20.2264025180032\\
20	86	24.6652960596217\\
20	87	8.98459564386327\\
20	88	12.8777587230916\\
20	92	11.6389421719401\\
21	3	32.4732136130144\\
21	4	21.2103059799968\\
21	6	32.3700906784674\\
21	7	231.749266250297\\
21	8	23.7115793467158\\
21	9	36.5571353905415\\
21	10	12.2244234929476\\
21	12	7.51311258447162\\
21	13	8.72594838934212\\
21	14	5.26960591711073\\
21	15	5.88261461144442\\
21	16	13.8404546491294\\
21	19	6.22919348430637\\
21	20	10.4504693887257\\
21	21	6.02773490050328\\
21	22	21.9229069955651\\
21	24	8.70743941292849\\
21	29	5.24336741404498\\
21	30	6.30454902023608\\
21	32	50.928725810924\\
21	35	10.8036682471489\\
21	37	9.68389984192352\\
21	40	5.32890410475693\\
21	42	13.7238212239724\\
21	45	50.7969613194437\\
21	47	104.052655549634\\
21	48	211.52064435127\\
21	50	12.2327563675902\\
21	51	6.59368388915489\\
21	52	8.4146694159231\\
21	53	8.07140585812669\\
21	54	10.1303212382305\\
21	55	29.3877270292773\\
21	58	15.6881102361813\\
21	60	15.4443673694694\\
21	62	8.26670076236973\\
21	64	38.9285580229212\\
21	66	410.598245548444\\
21	67	6.50168195081623\\
21	69	9.47395478829356\\
21	72	19.4178803270138\\
21	75	7.11512623402244\\
21	76	234.04283411362\\
21	77	49.5630398642787\\
21	79	12.0768535650159\\
21	80	18.6574569758049\\
21	81	79.0387265697725\\
21	83	17.0997707634999\\
21	84	30.467919784143\\
21	88	11.4412825185371\\
21	89	6.92339137963633\\
21	90	6.75277040759787\\
21	93	9.84546550895394\\
22	1	97.857935890389\\
22	2	82.8212985475125\\
22	3	59.9012035338944\\
22	5	13.1386128509447\\
22	6	5.80759062977122\\
22	7	9.96000367903262\\
22	8	23.2158437459681\\
22	9	26.5786849096927\\
22	11	5.02822224296004\\
22	13	6.85125591176434\\
22	14	6.81917277631191\\
22	15	91.3502438591473\\
22	16	8.04815179446167\\
22	17	57.7201123704605\\
22	18	26.0124061918482\\
22	19	16.3225906785855\\
22	20	18.5720312423437\\
22	21	21.9229069955651\\
22	22	7.9964609788152\\
22	23	12.8145077218294\\
22	24	62.3127229051554\\
22	25	7.84525054437133\\
22	26	9.46523682383041\\
22	28	9.8292154563985\\
22	36	49.7368400135171\\
22	37	7.48131034203569\\
22	40	26.9346994040002\\
22	44	86.3853900536784\\
22	46	49.6228358599971\\
22	47	6.66945177910786\\
22	48	17.1163736664096\\
22	50	5.46361791132604\\
22	52	11.6392673049102\\
22	55	5.16535398145021\\
22	57	25.9589349289091\\
22	58	26.3600547069502\\
22	59	14.6870206944116\\
22	63	13.6860469163819\\
22	64	49.217310609376\\
22	65	5.8368360097616\\
22	67	18.5081186872319\\
22	70	19.5093266553099\\
22	71	18.3662151087352\\
22	72	41.3954925727992\\
22	75	7.76075841266779\\
22	76	7.34549031971802\\
22	77	82.3238224207754\\
22	80	186.241577100531\\
22	82	11.8029499789478\\
22	83	61.9801440433043\\
22	84	69.9602081099479\\
22	85	32.7851470713451\\
22	86	500\\
22	88	5.2367050353738\\
22	89	9.9191606409978\\
22	90	12.7084342218182\\
22	91	6.31378746805912\\
22	92	14.0726872115651\\
23	2	100.428187265643\\
23	4	17.344240819633\\
23	7	5.41114697818464\\
23	9	10.2987648522165\\
23	10	8.13218086483776\\
23	11	35.0142862419202\\
23	12	268.463315600724\\
23	13	9.84104205166118\\
23	14	5.08578184060168\\
23	16	9.69763632538509\\
23	18	9.01786641360296\\
23	19	10.4625885136996\\
23	22	12.8145077218294\\
23	23	6.89651679797627\\
23	24	5.64403354340156\\
23	25	15.257384403824\\
23	28	27.2929683327964\\
23	29	8.952503597433\\
23	30	5.70620372234999\\
23	32	6.42764914975645\\
23	33	5.81482721305198\\
23	37	7.51404158312379\\
23	38	14.5689551456056\\
23	43	15.6149862486616\\
23	45	5.90544479162858\\
23	49	122.569780065502\\
23	50	27.4951609874503\\
23	53	6.13345388413591\\
23	54	10.338074889517\\
23	56	5.86843261155173\\
23	57	94.616258510789\\
23	60	5.28650764349934\\
23	62	10.228865645781\\
23	63	11.6494346470027\\
23	66	16.0757946491575\\
23	68	6.64650172090357\\
23	69	21.8877034955323\\
23	70	9.45818550003755\\
23	72	5.07601153841844\\
23	73	8.3152522520335\\
23	75	14.8798728311099\\
23	77	14.9141858892475\\
23	81	8.34137832473945\\
23	82	39.284688327812\\
23	84	11.9343527982808\\
23	85	28.8585053282531\\
23	86	500\\
23	87	6.27626020292591\\
23	90	15.6697152167071\\
23	91	25.1050465983306\\
24	2	13.595763714275\\
24	3	7.20691225416737\\
24	5	6.19881039089178\\
24	6	5.4888867552175\\
24	9	35.7143045156401\\
24	11	8.35484032743319\\
24	12	7.01433279810374\\
24	13	31.3598676972806\\
24	14	8.76540389916523\\
24	16	5.33115560561709\\
24	19	5.94468028865025\\
24	21	8.70743941292849\\
24	22	62.3127229051554\\
24	23	5.64403354340156\\
24	24	8.44256200675277\\
24	27	11.3361602756874\\
24	28	8.28893161632731\\
24	29	60.3157246689396\\
24	31	5.07312745927383\\
24	32	196.758901197386\\
24	34	8.16200302786452\\
24	36	17.150501302307\\
24	37	62.3161091606782\\
24	39	21.1257240542855\\
24	40	32.4246348256875\\
24	41	500\\
24	42	9.7476291324965\\
24	47	10.3637396444932\\
24	48	21.5405291112992\\
24	50	6.19097986413442\\
24	51	6.84625631248563\\
24	52	188.049825442532\\
24	53	7.97717069049252\\
24	54	67.3151573758548\\
24	55	12.6971515399546\\
24	56	13.0104470874222\\
24	57	6.34420977778904\\
24	62	8.39708167960435\\
24	63	6.23447622912453\\
24	66	40.6699624989294\\
24	67	386.78807958192\\
24	68	15.3307884165108\\
24	69	5.12995693651034\\
24	70	7.45185096717165\\
24	72	6.4296508975688\\
24	73	5.14917300372469\\
24	78	9.52884814443081\\
24	80	29.4556208401435\\
24	82	7.85485007997807\\
24	83	46.6302499408845\\
24	84	41.5852683032839\\
24	85	6.84020776570115\\
24	86	7.11169918117094\\
24	88	8.71161286362892\\
24	89	14.6113502319031\\
24	90	9.38357072113287\\
24	91	6.28975631234057\\
24	92	15.5406132908075\\
24	93	16.9933992141707\\
25	1	6.23807449967937\\
25	2	8.00997389702964\\
25	3	8.48352944741106\\
25	4	13.8641533984342\\
25	9	36.2826347122068\\
25	11	11.4425588657919\\
25	12	40.0310038262807\\
25	14	5.13900071592215\\
25	18	5.0449314101396\\
25	19	32.2193689086728\\
25	22	7.84525054437133\\
25	23	15.257384403824\\
25	25	9.9093608924271\\
25	26	7.42872613064969\\
25	27	500\\
25	29	120.577555966436\\
25	30	21.9535907694336\\
25	32	10.0814699733072\\
25	33	6.74973486332934\\
25	34	22.7802833165081\\
25	35	11.0602282185568\\
25	36	5.36343757576932\\
25	37	43.0892253634728\\
25	38	27.3667216093063\\
25	39	277.430482004361\\
25	40	414.006502453437\\
25	41	22.0861570786715\\
25	42	8.93912273130954\\
25	43	6.78295444821188\\
25	49	14.7465789404311\\
25	50	14.5226364823225\\
25	52	21.5164475833279\\
25	53	12.0499200309571\\
25	54	30.8781845648199\\
25	55	8.19860701037944\\
25	57	18.02592379518\\
25	58	24.6414985286989\\
25	59	220.847808284652\\
25	60	7.58078202117231\\
25	65	8.47372758875261\\
25	67	6.45605403939324\\
25	68	9.03802899435531\\
25	70	32.4269651172325\\
25	73	5.77831242522895\\
25	74	6.76793653953124\\
25	76	32.7953695125212\\
25	78	219.27634649547\\
25	79	6.08298918315902\\
25	80	24.707705391281\\
25	82	95.4436467254856\\
25	83	17.6814395716811\\
25	84	13.7136172727641\\
25	85	12.292839976364\\
25	87	21.426314709476\\
25	89	26.2446357425828\\
25	92	6.3960816091677\\
25	93	128.466322254927\\
26	1	28.1776116203792\\
26	3	5.3959386426437\\
26	4	17.1917061545342\\
26	5	20.500671681846\\
26	6	170.361797182049\\
26	9	32.7486869426372\\
26	10	449.621875227983\\
26	11	7.86730329902621\\
26	12	9.77402381355821\\
26	13	21.2902212826151\\
26	14	8.92331372182823\\
26	16	201.657492365351\\
26	18	15.0082340938745\\
26	19	13.4149001936765\\
26	20	24.7278144812129\\
26	22	9.46523682383041\\
26	25	7.42872613064969\\
26	26	9.06971762844297\\
26	27	38.2792977125378\\
26	28	5.29155733265569\\
26	30	5.41214292219573\\
26	34	56.1739703152191\\
26	35	6.05598086030306\\
26	37	82.1506505916179\\
26	38	7.0170001058517\\
26	39	146.370848124514\\
26	41	24.2265099049109\\
26	43	8.46426807642937\\
26	48	5.00362911710147\\
26	49	24.1931693785805\\
26	50	17.3006109166447\\
26	52	8.31435374932718\\
26	53	11.1100981645917\\
26	54	6.35070793174962\\
26	55	19.6950283763108\\
26	57	19.0334093440628\\
26	59	5.755950559809\\
26	60	39.3794806300897\\
26	69	22.1927398340795\\
26	71	85.0860644876555\\
26	72	11.8008365462064\\
26	73	28.6351179157185\\
26	74	37.5494148213171\\
26	77	11.3193416100613\\
26	78	18.0702972770441\\
26	81	9.49626793709822\\
26	82	5.1524128821843\\
26	83	67.5782474007127\\
26	85	7.25477746402575\\
26	86	32.9347983786994\\
26	87	33.2051908151228\\
26	88	33.4576275692686\\
26	89	13.0036882433731\\
27	1	35.7996277503146\\
27	2	6.67912593035941\\
27	4	10.4495617867517\\
27	5	5.47374626504374\\
27	7	41.9432768667887\\
27	12	10.8769537271737\\
27	13	16.2009823839395\\
27	14	93.029378441592\\
27	15	10.1898855018101\\
27	16	45.9019755741419\\
27	17	12.2970348100381\\
27	18	78.7236586572642\\
27	19	7.90818772761099\\
27	20	11.6882973944559\\
27	24	11.3361602756874\\
27	25	500\\
27	26	38.2792977125378\\
27	27	7.42869587560491\\
27	28	332.794458321442\\
27	31	15.6795901749594\\
27	32	30.1469129936157\\
27	33	14.4560717088002\\
27	35	11.8692694683331\\
27	36	24.8828429743632\\
27	37	12.549910555991\\
27	38	45.9143415157449\\
27	42	30.6946476073303\\
27	43	5.22999423234988\\
27	44	16.3293455418882\\
27	45	6.50036257895296\\
27	46	19.649888157068\\
27	47	8.63841770139726\\
27	48	8.96981729988011\\
27	49	138.694331873336\\
27	50	5.31870497498011\\
27	52	5.64201378907884\\
27	53	500\\
27	54	7.60124023150267\\
27	57	21.1929644361485\\
27	60	12.249727618875\\
27	62	7.32291450403331\\
27	63	13.8170605055638\\
27	64	11.7041526575909\\
27	65	10.8095035193537\\
27	66	5.48663989593202\\
27	69	12.1420056086505\\
27	72	13.096680874346\\
27	73	16.7033842410329\\
27	74	16.4807584348911\\
27	76	20.0900555035152\\
27	77	21.8359329423412\\
27	78	12.4593653113674\\
27	79	59.3177319310985\\
27	80	17.9744957762194\\
27	84	13.3967586729588\\
27	85	37.605185488926\\
27	86	12.462981111973\\
27	87	37.0142301858655\\
27	88	19.6473366482474\\
27	89	35.1244151167323\\
27	93	9.79951733296434\\
28	6	21.3810666229692\\
28	7	19.7826891615738\\
28	8	7.42966300083543\\
28	9	6.73463411006786\\
28	10	11.8960322875769\\
28	12	34.8282783700136\\
28	15	22.9349254734675\\
28	19	23.5969979064739\\
28	20	11.5054499475118\\
28	22	9.8292154563985\\
28	23	27.2929683327964\\
28	24	8.28893161632731\\
28	26	5.29155733265569\\
28	27	332.794458321442\\
28	28	11.2633693461496\\
28	29	12.0563389921434\\
28	31	14.1288958446873\\
28	33	44.5565044596021\\
28	34	5.67944785574317\\
28	36	6.90907965171975\\
28	37	6.17078566724597\\
28	39	14.7929684057266\\
28	41	21.0487244552341\\
28	42	27.3862553453537\\
28	43	9.77152485651014\\
28	44	9.22538545585941\\
28	45	58.2101503740708\\
28	46	9.80963199882892\\
28	48	29.8485471096087\\
28	50	23.0498065209574\\
28	52	9.23811485489864\\
28	53	20.4055355562898\\
28	54	32.5098139964465\\
28	55	24.2652619635444\\
28	56	7.48980972056682\\
28	57	11.4018843177184\\
28	58	15.3929586439209\\
28	59	21.845203821287\\
28	60	5.63325496480503\\
28	61	7.63554254326135\\
28	62	5.11015049056105\\
28	63	8.71123374870539\\
28	64	12.2152754505589\\
28	65	7.954645616563\\
28	66	54.7339887382366\\
28	67	9.12003880820465\\
28	68	31.920472681023\\
28	71	40.1360376797496\\
28	73	5.23922053445702\\
28	75	10.1039096569605\\
28	76	54.2888146275034\\
28	79	163.7170007372\\
28	80	11.1877416858036\\
28	83	140.413816987357\\
28	84	7.29291615633084\\
28	88	57.5936821031211\\
28	90	11.1623451913811\\
28	91	10.5037524410846\\
28	93	14.5478572956063\\
29	3	9.79585786937864\\
29	4	21.3445115257015\\
29	5	9.78895033546659\\
29	6	5.10193422262316\\
29	7	8.15403746050413\\
29	12	9.66592075729121\\
29	14	81.9058032109619\\
29	18	16.3519871734916\\
29	19	6.74182839147673\\
29	20	41.1567465389558\\
29	21	5.24336741404498\\
29	23	8.952503597433\\
